2.299722306902401758e+00
1.053108871187105944e+00
8.550579060091639816e-01
2.963412306757323478e+01
2.792748848088344005e+00
2.941367528479555293e+00
7.784202438292701087e-01
9.969199551326433928e-02
4.458851762166186061e-01
2.826109366162356529e-01
4.562037040248143605e-01
-2.066923861689317909e-01
-2.917846642118057318e-02
-1.757266497269521333e+00
4.432694375740696691e-01
-1.978810294783090451e-01
-1.026704193838967327e-01
2.969807505220922739e-01
-7.282342466522827573e-01
-4.249015582622875375e-01
-6.651597264279576205e-01
-3.923025818002559006e-01
1.139381380311569325e+00
1.158068763120221334e+00
1.737791523224967438e+00
2.782874479835325321e+00
6.195686925725852889e-01
2.089505713316111013e+00
-3.350242082220401318e+00
2.588058651967136470e+00
9.621058332700298532e-01
-8.310314671856672275e-01
1.821602302549249375e+00
1.342254609142225830e+00
-8.405844617729982815e-01
-1.309511458216684465e+00
-9.632973429981283031e-01
-7.064880376033811915e-01
7.509746276229283257e-01
-4.433077373151807221e-02
8.228035901432653176e-01
1.534438050890329919e+00
-2.527577790861425533e-01
7.370458672420400481e-02
4.698047368874659346e-01
-7.554784741020705019e-02
-2.314953494777549636e+00
1.265027340027135905e+00
1.321097934161582055e+00
1.030447754746466327e+00
1.404247493931293445e+00
6.388333099947037796e-01
-1.108453862093261855e-01
-6.118905724684858827e-01
-7.223708675032775028e-02
-1.044679674033381689e+00
-1.294350509785270109e+00
-2.036879642661196810e-01
7.397899512182047888e-01
-1.051405439172607537e+00
-3.916886375863822822e-01
-6.685182313992497072e-01
-8.836514005108129233e-01
-4.917921474163034490e-01
2.274521738238094670e+00
1.359784735057419480e+00
3.389100373643195163e-01
-1.052968835647142276e+00
1.378138052148507375e+00
-7.447447536938920365e-01
7.416053898726817639e-01
4.439606657587236160e-01
1.344570185988102518e+00
1.632858776723873806e+00
1.464173774586336352e+00
7.732751696645023820e-02
7.811062774317163449e-01
9.577543155316374790e-01
9.593728383245033742e-01
4.548116243918216561e-01
9.057459170044172003e-01
9.265407885317061831e-01
6.543313985693174351e-01
1.069901197508821955e+00
1.562333272997335376e+00
1.839337113449805994e+00
1.061460248012353613e+00
1.418561146007289775e+00
4.159019930152931255e-01
4.375901839244143998e-01
2.093742679310230947e-01
-5.619053472671076133e-01
1.938856615833867147e-01
1.446066590537842256e+00
1.029685038613132431e+00
9.983404914618529968e-01
6.995374798484688128e-01
1.039870877293664009e+00
-4.822219035903551471e-02
1.053212124638419400e+00
4.477326595468620885e-01
6.230241245690733010e-01
1.230086549616401737e+00
-1.033453469446034140e-01
1.707412091898127482e+00
8.453034728832160560e-01
-7.487055856085347294e+00
